20
0.223607	0.223607	0.223607	0.223607	0.223607	0.223607	0.223607	0.223607	0.223607	0.223607	0.223607	0.223607	0.223607	0.223607	0.223607	0.223607	0.223607	0.223607	0.223607	0.223607	
-0.131497	-0.0118521	0.299815	0.134671	0.0681199	-0.285033	-0.236218	-0.259958	-0.192225	-0.324963	0.0137503	0.420455	-0.148641	0.251075	0.166042	0.260034	0.00401012	0.177813	0.134693	-0.340091	
0.172614	0.274853	0.034773	-0.168306	-0.287128	-0.00866833	-0.264766	-0.133817	-0.185848	0.417738	-0.144025	0.155304	0.317264	0.170583	0.29736	-0.203425	-0.108496	-0.356961	0.154906	-0.133956	
0.207373	-0.0187756	-0.290446	0.222158	0.288715	0.0207374	0.0280715	0.242458	-0.270323	0.216276	0.13259	0.15541	-0.353976	0.181351	0.148285	-0.131793	0.10139	-0.145662	-0.466133	-0.267706	
0.194441	0.0906058	0.388482	0.315814	-0.158503	0.246475	0.136094	-0.432218	0.00461702	0.0699575	-0.289011	-0.204844	-0.285053	0.121869	0.0459097	-0.254258	-0.08351	0.212463	-0.232321	0.112989	
0.173663	0.28074	-0.259842	0.474609	-0.0118369	0.150589	-0.0917751	-0.0791696	-0.168335	-0.26408	0.198574	-0.23081	0.0439795	-0.402601	0.138039	-0.0864324	-0.013162	0.00724624	0.361257	-0.220653	
0.183659	-0.179453	-0.112176	-0.0948864	0.11093	0.233062	0.139466	0.129625	-0.405935	-0.234918	-0.155178	0.311707	0.225023	0.164841	-0.251108	-0.386542	-0.235532	0.282425	0.187814	0.0871773	
0.0721934	0.324268	-0.0501189	0.0513081	0.341417	-0.215907	-0.0601103	-0.263942	0.318339	-0.165315	0.218437	0.210941	-0.106308	0.117993	-0.260241	-0.293326	-0.212922	-0.344521	0.0292283	0.288585	
0.479359	-0.00590722	0.047234	0.162134	-0.325865	-0.384945	0.0822258	0.290021	-0.0136737	-0.225961	-0.344768	0.183197	-0.120485	-0.145406	-0.0494608	0.107717	0.204188	-0.204388	0.021678	0.243105	
0.14318	-0.240648	-0.0135389	-0.225889	-0.0459899	0.140824	0.220217	-0.368338	-0.260624	0.242129	0.282503	0.263507	-0.365558	-0.322786	0.0259301	0.182666	0.0215892	-0.126002	0.238179	0.208648	
0.0688966	0.11558	-0.148071	0.0289194	-0.534561	0.0816287	-0.386564	0.0454339	0.125487	0.0973334	0.390357	0.220554	-0.0974696	0.0478381	-0.331849	-0.0542211	0.0822181	0.363872	-0.153356	0.0379747	
-0.264511	-0.411492	0.387214	0.359557	0.0103374	0.0424446	-0.169891	0.191005	0.116143	0.149057	0.0770243	0.247479	0.0777422	-0.321727	0.00506606	-0.40054	0.0633454	-0.187446	0.0443228	-0.0151282	
-0.278165	0.294825	0.0608021	0.188038	-0.0969618	-0.0264717	0.256027	0.264308	-0.0610957	0.32388	-0.173777	0.0536887	-0.288077	0.0358876	-0.406546	0.147682	-0.320347	-0.0523203	0.293879	-0.215255	
-0.130117	-0.381491	-0.411511	0.374507	-0.0887186	0.190902	-0.182671	-0.150548	0.0968243	0.0362117	-0.183512	-0.0414853	-0.0383358	0.435295	-0.018214	0.188335	0.0524363	-0.211143	0.239612	0.223623	
0.454806	-0.238034	0.190854	-0.158697	-0.000847792	0.317277	-0.0180964	0.0266205	0.35533	-0.13286	0.0677181	-0.0635199	-0.0348588	0.105992	-0.233442	0.105681	-0.0760279	-0.245638	0.0948676	-0.517124	
-0.101771	0.224198	-0.0498174	-0.178056	0.220391	0.194844	-0.160848	-0.105755	0.0153179	0.0421816	-0.353036	0.0952705	-0.142456	-0.0863563	-0.242372	-0.152522	0.705066	0.0193479	0.164268	-0.107895	
0.0382845	-0.0328123	-0.21202	-0.195616	0.0549283	0.0193084	-0.16267	0.172369	0.416502	0.0278303	-0.243899	0.137398	-0.394319	-0.125876	0.446402	-0.171227	-0.271124	0.286832	0.215237	-0.00552734	
-0.236748	0.187994	-0.166933	0.0493811	-0.189438	0.403125	0.259114	-0.0957926	0.170615	-0.253257	-0.166258	0.464684	0.157484	-0.191154	0.121531	0.162035	-0.075269	-0.182053	-0.346985	-0.0720755	
-0.156975	-0.0608797	-0.11503	-0.0535028	-0.330611	-0.204537	0.543121	-0.0578087	0.145425	-0.115625	0.222204	-0.0239253	-0.0620978	0.270393	0.159224	-0.398418	0.281423	-0.0200309	0.189728	-0.212079	
-0.185294	0.171601	0.262186	-0.184538	-0.131183	0.356258	-0.161404	0.348143	-0.224218	-0.347377	0.173643	-0.148561	-0.320966	0.202119	0.168997	-0.0411625	0.0200463	-0.277588	0.0693318	0.249967	
