85	20
Cytophaga_hutchinsonii	Cytophaga_hutchinsonii	0.0724002	0.00937015	0.0514637	0.0611307	0.0316195	0.0872174	0.0203731	0.0730587	0.0854791	0.084855	0.0243881	0.0442051	0.0444894	0.0304561	0.0569652	0.0553136	0.0532878	0.0812801	0.00584537	0.0268017
Agrobacterium_tumefaciens	Agrobacterium_tumefaciens	0.0939053	0.00862066	0.0566871	0.0589795	0.0323628	0.0934809	0.0216651	0.0677757	0.062867	0.0799797	0.0273651	0.0320899	0.0471884	0.030591	0.0768239	0.0507173	0.0521296	0.0777281	0.0065175	0.0225254
Nitrosopumilus_maritimus	Nitrosopumilus_maritimus	0.0748776	0.0108608	0.0515881	0.0629579	0.0307237	0.0900481	0.0206846	0.0748452	0.0818801	0.0813763	0.0231933	0.0365482	0.0462894	0.0328844	0.0589795	0.0544198	0.0565303	0.0802682	0.00606279	0.0249818
Sulfolobus_acidocaldarius	Sulfolobus_acidocaldarius	0.0698214	0.00593317	0.0450643	0.0664722	0.0262561	0.0856798	0.0164145	0.0914269	0.0793975	0.087507	0.0213379	0.0398451	0.0488253	0.0273369	0.0681939	0.0500808	0.0469919	0.080702	0.00638161	0.0363318
Haloarcula_marismortui	Haloarcula_marismortui	0.0899676	0.00717186	0.0758758	0.0866362	0.0269219	0.0967088	0.0233951	0.0524944	0.042474	0.0725058	0.0215417	0.0318171	0.0478072	0.0361384	0.0723437	0.0437577	0.0538491	0.0904537	0.00548996	0.0226498
Cenarchaeum_symbiosum	Cenarchaeum_symbiosum	0.0838808	0.0111649	0.0520668	0.0604063	0.0294119	0.100283	0.0228599	0.0665569	0.0654123	0.0809174	0.0249986	0.0287439	0.0473724	0.0289645	0.0753197	0.0601763	0.0480508	0.0838411	0.00550251	0.0240703
Thermoplasma_volcanium	Thermoplasma_volcanium	0.0679545	0.00599171	0.0541376	0.0646022	0.0275638	0.0899676	0.0182689	0.0882084	0.0794424	0.075533	0.0247707	0.0404179	0.0441403	0.0248794	0.0670722	0.0561247	0.0488347	0.0831083	0.00474675	0.0342349
Escherichia_coli	Escherichia_coli	0.0915586	0.0093367	0.0527055	0.0619941	0.030339	0.0904349	0.0205476	0.0608809	0.0619063	0.0886788	0.0243662	0.0363611	0.0464284	0.0333098	0.0762971	0.0478595	0.0530912	0.0856254	0.00603457	0.0222442
Aeropyrum_pernix	Aeropyrum_pernix	0.0878687	0.00596244	0.0405319	0.0715336	0.0248418	0.0899133	0.0171974	0.0679618	0.0592105	0.0879554	0.0220173	0.0263763	0.0553961	0.0241153	0.0963482	0.0420183	0.0447695	0.0949987	0.00826421	0.0327192
Thermococcus_kodakarensis	Thermococcus_kodakarensis	0.0812874	0.00564153	0.0452755	0.079664	0.0291788	0.0921273	0.0204494	0.0762459	0.0760075	0.0811411	0.0224553	0.0290376	0.0520303	0.0258599	0.0791497	0.0341137	0.0456497	0.0875498	0.00719068	0.029945
Methanococcus_maripaludis	Methanococcus_maripaludis	0.0764466	0.011442	0.0477267	0.0750051	0.0293648	0.0900105	0.020578	0.0776027	0.0871714	0.0796724	0.0227668	0.0374304	0.0457124	0.0256184	0.058737	0.0513675	0.0490459	0.0800006	0.00498403	0.0293167
Methanobrevibacter_smithii	Methanobrevibacter_smithii	0.0754117	0.0106235	0.0549853	0.0738082	0.0286833	0.0896886	0.0199267	0.0756584	0.0763995	0.0763504	0.0246191	0.0431723	0.0461849	0.0272418	0.060491	0.0514522	0.0507769	0.0815278	0.00585059	0.0271477
Pyrococcus_abyssi	Pyrococcus_abyssi	0.0793933	0.00585373	0.0444486	0.079918	0.0279578	0.0909481	0.0201107	0.0832766	0.0799348	0.0811567	0.0215616	0.0280404	0.0521358	0.0249609	0.0798386	0.0336203	0.0435862	0.0858094	0.00751786	0.0299303
Thermotoga_maritima	Thermotoga_maritima	0.0688284	0.00659904	0.0455713	0.0756783	0.0306432	0.089237	0.0183117	0.0737006	0.0855491	0.0840575	0.0225065	0.0356701	0.0479494	0.0246285	0.0723981	0.0438308	0.0462518	0.0926248	0.00672656	0.0292373
Methanocorpusculum_labreanum	Methanocorpusculum_labreanum	0.0877181	0.0107301	0.0484668	0.0653308	0.0277613	0.0971604	0.0220456	0.075026	0.0648426	0.0752445	0.0287408	0.0343562	0.0470661	0.0289801	0.0689778	0.0486476	0.0517208	0.0855596	0.0055161	0.0261087
Bacillus_subtilis	Bacillus_subtilis	0.0773623	0.00770184	0.0539306	0.0715399	0.0280059	0.0913098	0.0210661	0.0732312	0.0729605	0.0802275	0.0238142	0.036451	0.0464452	0.0298687	0.0670649	0.0507215	0.0549122	0.0825021	0.00510424	0.0257805
Thermofilum_pendens	Thermofilum_pendens	0.0809477	0.00683632	0.0425221	0.0723385	0.0263115	0.0879471	0.0185699	0.0688461	0.0719037	0.0910673	0.02224	0.0259352	0.0564111	0.0222348	0.0805944	0.044342	0.0452681	0.0959635	0.00781577	0.0319049
Aquifex_aeolicus	Aquifex_aeolicus	0.0722559	0.00610983	0.047225	0.0772619	0.0336903	0.0842195	0.0214132	0.0764079	0.0887258	0.0824038	0.0221595	0.0294213	0.0508585	0.0265958	0.0694315	0.0397813	0.0470912	0.0831637	0.00755027	0.0342339
Methanocaldococcus_jannaschii	Methanocaldococcus_jannaschii	0.0726918	0.0124214	0.0470431	0.0786647	0.0286488	0.089422	0.0199236	0.0845812	0.0918137	0.077909	0.0215585	0.0325844	0.0487595	0.0238404	0.0679576	0.0354433	0.0462873	0.0820024	0.00573666	0.0327109
Caldivirga_maquilingensis	Caldivirga_maquilingensis	0.0795093	0.00630948	0.048932	0.0591373	0.0255118	0.087345	0.0182365	0.0818581	0.064113	0.0887154	0.0238445	0.0336788	0.0529752	0.0261787	0.078579	0.046419	0.0482661	0.0914018	0.00829453	0.0306945
Methanopyrus_kandleri	Methanopyrus_kandleri	0.0807836	0.0106005	0.0516362	0.0956844	0.0256216	0.0921764	0.0213849	0.0647726	0.0644349	0.0777522	0.0212093	0.0227355	0.0575578	0.0227856	0.0893927	0.0295289	0.043443	0.0925673	0.00762239	0.0283101
Thermus_thermophilus	Thermus_thermophilus	0.0915419	0.00456382	0.0424834	0.0784933	0.0302951	0.095928	0.0201421	0.0549519	0.0592847	0.0982779	0.0171974	0.0232309	0.0594791	0.0290941	0.0919705	0.0332544	0.0483863	0.0883704	0.0062175	0.0268373
Methanospirillum_hungatei	Methanospirillum_hungatei	0.0810815	0.01209	0.0525142	0.0634189	0.0283226	0.0945315	0.02404	0.0784442	0.0584181	0.0772044	0.0252453	0.0305282	0.0479933	0.0307237	0.0764894	0.0537069	0.0516958	0.0829432	0.00575129	0.0248574
Staphylothermus_marinus	Staphylothermus_marinus	0.0744229	0.00618718	0.0440786	0.0665726	0.0256613	0.0866781	0.0218626	0.0915043	0.0754075	0.0900774	0.0209093	0.0327349	0.0560401	0.0220759	0.0798334	0.0392399	0.0463438	0.0793013	0.00808128	0.0329879
Methanothermobacter_thermautotrophicus	Methanothermobacter_thermautotrophicus	0.0747406	0.00928548	0.0530327	0.0786783	0.0275021	0.0921429	0.0196957	0.0734382	0.0659485	0.074772	0.0275188	0.0339652	0.0487637	0.0252034	0.0820693	0.046419	0.0476682	0.0869592	0.00617569	0.0260209
Pyrobaculum_arsenaticum	Pyrobaculum_arsenaticum	0.0852272	0.00719486	0.0451793	0.0657228	0.0279808	0.0891481	0.018456	0.0737465	0.0692946	0.0877296	0.0191616	0.0263815	0.0556376	0.0259812	0.0789564	0.0388604	0.0435256	0.0989489	0.00916109	0.033706
Metallosphaera_sedula	Metallosphaera_sedula	0.070712	0.00540738	0.0466898	0.0684426	0.0267474	0.0899363	0.0174901	0.0775985	0.0763713	0.0874077	0.0247665	0.0330516	0.0481312	0.0255735	0.0704904	0.0547428	0.0479828	0.088822	0.00661785	0.0330182
Methanococcoides_burtonii	Methanococcoides_burtonii	0.0824247	0.0103705	0.0553909	0.0645499	0.0285934	0.0961381	0.0221888	0.0735688	0.0678364	0.0746727	0.0253613	0.0373897	0.0456079	0.0279651	0.0672991	0.0520407	0.0513633	0.0872174	0.00518787	0.0248334
Picrophilus_torridus	Picrophilus_torridus	0.0667398	0.00643492	0.0582948	0.0617067	0.0275732	0.0867575	0.0178403	0.0929572	0.0786543	0.0781672	0.026578	0.0467525	0.0431368	0.0230198	0.0682817	0.0594645	0.045288	0.0724483	0.00463281	0.0352719
Pseudomonas_entomophila	Pseudomonas_entomophila	0.0954492	0.0102952	0.0543247	0.0589439	0.0276735	0.0949715	0.0228118	0.0548202	0.0572077	0.0872028	0.025539	0.0304613	0.0461148	0.0370656	0.0793139	0.0486278	0.05484	0.084324	0.00683423	0.0231787
Candidatus_korarchaeum	Candidatus_korarchaeum	0.0735647	0.00594676	0.0445605	0.0738887	0.0283122	0.090899	0.0176511	0.0781044	0.0704507	0.0875634	0.0226059	0.0290606	0.0518954	0.0212689	0.0862944	0.0525968	0.0412981	0.0871662	0.0078649	0.0290073
Nanoarchaeum_equitans	Nanoarchaeum_equitans	0.0670869	0.00528508	0.0442615	0.0740601	0.0276139	0.0822721	0.0179636	0.0925234	0.0963681	0.0913548	0.0165911	0.0380837	0.0507027	0.0251167	0.0675416	0.0376499	0.0423883	0.0762699	0.00865307	0.0382134
Methanosarcina_barkeri	Methanosarcina_barkeri	0.0817923	0.00982277	0.0514961	0.0667775	0.027731	0.0937673	0.0203062	0.0761236	0.0675761	0.0805243	0.0233804	0.0353534	0.0484814	0.0279641	0.0697409	0.0520146	0.0535439	0.0831146	0.00574606	0.0247435
Anaeromyxobacter_dehalogenans	Anaeromyxobacter_dehalogenans	0.103765	0.00842519	0.0516613	0.0630823	0.0310018	0.0996493	0.0234954	0.0535334	0.0609185	0.0899551	0.0210557	0.0285411	0.0508888	0.0296972	0.0781013	0.0402015	0.0510518	0.0888147	0.00691681	0.0192441
Thermoproteus_neutrophilus	Thermoproteus_neutrophilus	0.0863342	0.00708197	0.0455054	0.0663813	0.0260596	0.0888094	0.0184507	0.0671674	0.0661064	0.0906189	0.0193884	0.0259373	0.0562052	0.0255317	0.0829411	0.038182	0.0424113	0.103811	0.00872519	0.034352
Methanosaeta_thermophila	Methanosaeta_thermophila	0.0882554	0.0094914	0.0480445	0.0691326	0.0251585	0.0961141	0.0197584	0.0739337	0.0588342	0.0805787	0.0277153	0.0295582	0.0519696	0.0253968	0.0845843	0.0472312	0.0473316	0.0851969	0.00584955	0.0258651
Halobacterium_salinarium	Halobacterium_salinarium	0.0962447	0.00706315	0.0783961	0.0814222	0.0264505	0.0971688	0.0232769	0.0484992	0.0372747	0.0741417	0.021432	0.0313624	0.0477905	0.0346363	0.0738929	0.0442563	0.0563923	0.0919569	0.00526627	0.0230762
Methanococcus_voltae	Methanococcus_voltae	0.0763285	0.0118977	0.0468037	0.0752445	0.0292038	0.0903523	0.0201285	0.0771532	0.0860498	0.0796275	0.0234912	0.0412333	0.0450539	0.0270348	0.0589032	0.0501121	0.0468685	0.0801282	0.00485441	0.029531
Mycobacterium_tuberculosis	Mycobacterium_tuberculosis	0.0961642	0.00730357	0.0587014	0.0573666	0.0266387	0.0987869	0.0220822	0.0560913	0.0515463	0.0880485	0.0192995	0.0303296	0.0485222	0.0300599	0.0825219	0.0466124	0.0575463	0.0917029	0.00725653	0.0234191
Ignicoccus_hospitalis	Ignicoccus_hospitalis	0.0840146	0.00630112	0.043234	0.0725643	0.0243588	0.0878248	0.0212668	0.070366	0.0749863	0.0858073	0.0230261	0.0273693	0.0563808	0.0242668	0.077471	0.0379468	0.0462267	0.0946778	0.00979036	0.0321203
Halorubrum_lacusprofundi	Halorubrum_lacusprofundi	0.0914635	0.00640879	0.0744793	0.0862087	0.0263522	0.0967183	0.0230647	0.0524682	0.039982	0.0729354	0.0214069	0.0325812	0.0482619	0.0324401	0.075671	0.046557	0.0532282	0.0908185	0.00526627	0.0236877
Desulfurococcus_kamchatkensis	Desulfurococcus_kamchatkensis	0.0744584	0.00615896	0.0431451	0.0702228	0.0260115	0.0876157	0.0196779	0.0813794	0.0707758	0.089814	0.0231661	0.030891	0.0555906	0.0235968	0.0757744	0.0435204	0.0479494	0.08813	0.00826944	0.0338523
Archaeoglobus_fulgidus	Archaeoglobus_fulgidus	0.0818686	0.00871265	0.0456831	0.0813919	0.029485	0.0905175	0.0197386	0.0751922	0.0780522	0.0774699	0.0239982	0.0290857	0.0484145	0.0236104	0.0764936	0.0413242	0.0411559	0.09203	0.0068635	0.0289122
Aeropyrum_pernix	Aquifex_aeolicus	0.06319	0.0177107	0.0610074	0.0428075	0.0308293	0.148602	0.0202288	0.0467953	0.0311105	0.0869289	0.0252923	0.0243442	0.0982057	0.036383	0.092007	0.0223205	0.0482598	0.0697326	0.0147859	0.0194584
Aeropyrum_pernix	Nanoarchaeum_equitans	0.082339	0.00840637	0.0476138	0.0911468	0.0267265	0.0955945	0.0205989	0.0697932	0.0748567	0.0869645	0.0186682	0.026624	0.0619168	0.0220644	0.081786	0.0259038	0.0450936	0.0784013	0.00727326	0.0282286
Aeropyrum_pernix	Nitrosopumilus_maritimus	0.0796254	0.00837292	0.0457396	0.0849575	0.0260052	0.0935081	0.0201964	0.0675332	0.0767936	0.0890279	0.0185563	0.0269846	0.0623652	0.0232895	0.079409	0.032621	0.0436678	0.083908	0.00729521	0.0301436
Aeropyrum_pernix	Thermofilum_pendens	0.081117	0.00764957	0.0448103	0.0809477	0.0253581	0.090737	0.0202184	0.0699834	0.0764016	0.0917311	0.0187873	0.0282192	0.0622126	0.0226236	0.0781515	0.0336506	0.0455974	0.0816094	0.00833738	0.0318568
Aeropyrum_pernix	Sulfolobus_acidocaldarius	0.0810721	0.00716664	0.0434702	0.0783773	0.0249766	0.0900701	0.0199539	0.0729981	0.0764058	0.0953207	0.0194595	0.028562	0.0603415	0.0216598	0.0768846	0.0340959	0.0461274	0.0821864	0.00838338	0.0324882
Aeropyrum_pernix	Staphylothermus_marinus	0.0810271	0.00706315	0.0436469	0.0776121	0.0253728	0.0897189	0.0201044	0.0735249	0.0759971	0.094637	0.0194835	0.0286812	0.0600593	0.0217079	0.0773863	0.0343279	0.0463898	0.0823275	0.00856422	0.032368
Aeropyrum_pernix	Ignicoccus_hospitalis	0.0835348	0.00695653	0.0443075	0.0756124	0.0255787	0.0893467	0.0201807	0.07341	0.0726417	0.0916506	0.0208581	0.0284251	0.059914	0.0213546	0.0800236	0.0344492	0.046372	0.0844401	0.00836665	0.0325771
Desulfurococcus_kamchatkensis	Staphylothermus_marinus	0.0781776	0.00640147	0.0443274	0.0727765	0.025147	0.088638	0.0198849	0.0776696	0.0782686	0.0930795	0.020209	0.0302826	0.0594404	0.0213138	0.0758079	0.0343489	0.0459141	0.0850861	0.00853077	0.0346959
Metallosphaera_sedula	Sulfolobus_acidocaldarius	0.0758748	0.00596662	0.0437828	0.0731957	0.0269752	0.087854	0.0163863	0.0735615	0.0820442	0.0942388	0.0213431	0.0345694	0.0535261	0.0246379	0.0698768	0.0418657	0.0476013	0.0844996	0.00693981	0.0352604
Caldivirga_maquilingensis	Thermofilum_pendens	0.0808515	0.00831752	0.0456351	0.0787787	0.0253383	0.090114	0.0199069	0.0683256	0.0759783	0.090391	0.0196675	0.0270902	0.061944	0.0233146	0.0780616	0.0351119	0.0448532	0.0857916	0.00856631	0.0319624
Caldivirga_maquilingensis	Thermoproteus_neutrophilus	0.0829944	0.00739347	0.0469271	0.0713047	0.026486	0.0880422	0.0201379	0.071589	0.0680266	0.0953364	0.0190204	0.0259968	0.0593129	0.0249254	0.0810731	0.0384266	0.0424552	0.0909147	0.00892276	0.0307143
Pyrobaculum_arsenaticum	Thermoproteus_neutrophilus	0.0843836	0.00722727	0.0447476	0.0680987	0.0273672	0.0889924	0.0183849	0.0683151	0.0711343	0.09083	0.0195191	0.0263386	0.0572003	0.0255285	0.0781316	0.0364144	0.0427918	0.101579	0.00907119	0.0339443
Candidatus_korarchaeum	Nitrosopumilus_maritimus	0.0786459	0.00833425	0.0463281	0.0822773	0.0261536	0.0941834	0.0200145	0.0680412	0.0763943	0.0883589	0.0192441	0.0274153	0.0611422	0.0241132	0.0789187	0.0344461	0.0443828	0.0843732	0.00750636	0.0297265
Cenarchaeum_symbiosum	Nitrosopumilus_maritimus	0.0764717	0.0117305	0.0526804	0.0653506	0.0311377	0.095074	0.0214487	0.0662768	0.0780888	0.0867021	0.0229174	0.0322614	0.0484208	0.03096	0.0648855	0.0511407	0.0514752	0.0827153	0.00600216	0.0242606
Archaeoglobus_fulgidus	Nanoarchaeum_equitans	0.0823212	0.00840951	0.0477664	0.0908792	0.0267766	0.0955935	0.0205999	0.069881	0.0747793	0.0867533	0.0187884	0.0266512	0.061667	0.0222003	0.0816637	0.0260867	0.0452023	0.0785612	0.00723876	0.0281805
Archaeoglobus_fulgidus	Thermococcus_kodakarensis	0.0812142	0.00851927	0.0473504	0.0906011	0.027777	0.09549	0.0202445	0.0705071	0.0763786	0.0827592	0.019586	0.0272397	0.059361	0.0230449	0.0809257	0.0271341	0.0461964	0.0808055	0.00683214	0.0280331
Archaeoglobus_fulgidus	Methanopyrus_kandleri	0.0810449	0.00930848	0.0475992	0.0913443	0.0274759	0.0955841	0.0205654	0.0698664	0.0756793	0.0808097	0.020348	0.0274927	0.0587861	0.0230961	0.0797038	0.0282275	0.0462737	0.0821905	0.00664921	0.0279547
Archaeoglobus_fulgidus	Methanothermobacter_thermautotrophicus	0.0811473	0.00974019	0.0478271	0.0903251	0.0280843	0.0962395	0.0201964	0.0701549	0.0774187	0.0790024	0.0209334	0.0283509	0.0576875	0.0233794	0.0774971	0.029024	0.046257	0.082525	0.00652064	0.0276892
Archaeoglobus_fulgidus	Thermoplasma_volcanium	0.0801093	0.00960848	0.0485682	0.088246	0.0276056	0.0958444	0.0199905	0.0696855	0.0774595	0.0793923	0.0207577	0.0294798	0.0569578	0.0233188	0.0771009	0.0317878	0.0462309	0.0835902	0.00653423	0.027732
Archaeoglobus_fulgidus	Methanosaeta_thermophila	0.0811452	0.0094705	0.0485055	0.0870157	0.0280028	0.0958245	0.0199152	0.0689559	0.0764267	0.079063	0.0215658	0.0291986	0.0561833	0.0243567	0.0749831	0.0342746	0.0460114	0.0855993	0.00628126	0.0272209
Halorubrum_lacusprofundi	Methanosaeta_thermophila	0.0821122	0.00943914	0.0517971	0.082294	0.0273369	0.0968406	0.0197072	0.0664785	0.0703702	0.078233	0.0232613	0.0298279	0.0543487	0.0261317	0.0748671	0.0387297	0.0482107	0.0881216	0.00584537	0.026047
Halorubrum_lacusprofundi	Methanocorpusculum_labreanum	0.0830477	0.00914436	0.0521149	0.081647	0.0273411	0.0973465	0.0197542	0.0664064	0.0678071	0.0782529	0.0234912	0.0298373	0.0540331	0.0269857	0.0755894	0.0384005	0.0499888	0.0873052	0.00576801	0.0257386
Halorubrum_lacusprofundi	Halobacterium_salinarium	0.0911478	0.00758685	0.0747542	0.0895234	0.0269794	0.0976528	0.0235163	0.0513822	0.0414016	0.0754755	0.0199675	0.0312851	0.049971	0.0315359	0.0761623	0.0402068	0.0528048	0.090346	0.00549728	0.0228034
Halorubrum_lacusprofundi	Haloarcula_marismortui	0.0907516	0.00752727	0.0740946	0.089306	0.0270024	0.0977176	0.0235613	0.0510592	0.0412636	0.0755696	0.0199424	0.0311418	0.0496992	0.0313624	0.0769745	0.0412897	0.0524693	0.0908123	0.00557359	0.0228818
Methanospirillum_hungatei	Methanocorpusculum_labreanum	0.0815801	0.0102116	0.0521369	0.0712817	0.0274874	0.0968656	0.0228139	0.0710078	0.0690918	0.0763692	0.0261045	0.030822	0.0516822	0.0281962	0.0744866	0.042796	0.0483069	0.0868223	0.00621227	0.0257251
Methanosarcina_barkeri	Methanosaeta_thermophila	0.0836718	0.00973392	0.0522466	0.0779424	0.0272303	0.0959573	0.0192818	0.0673336	0.0713444	0.0782623	0.0239282	0.0290868	0.053479	0.0271373	0.0755267	0.0411214	0.0477131	0.0875927	0.00571052	0.0257
Methanosarcina_barkeri	Methanococcoides_burtonii	0.0838871	0.00993043	0.0536902	0.0719434	0.0275711	0.0954388	0.0204828	0.0729762	0.0722225	0.0772745	0.0239219	0.0322091	0.050202	0.0268644	0.070873	0.0464253	0.049625	0.0834752	0.0054492	0.0255379
Picrophilus_torridus	Thermoplasma_volcanium	0.0691127	0.00641192	0.0558812	0.0678332	0.0281899	0.0913067	0.0184257	0.0820609	0.0825052	0.0794874	0.0235874	0.0407137	0.0476159	0.0238958	0.0679712	0.0496354	0.0464932	0.0774323	0.00499449	0.0364457
Methanocaldococcus_jannaschii	Methanothermobacter_thermautotrophicus	0.0813919	0.0105398	0.0482577	0.088846	0.0280007	0.0951691	0.0201943	0.0703545	0.0775546	0.0790431	0.021503	0.0285923	0.0565658	0.0234975	0.0772619	0.0308439	0.0464703	0.0820191	0.00650914	0.027385
Methanocaldococcus_jannaschii	Methanococcus_voltae	0.0753657	0.0120273	0.0474633	0.0829745	0.0298195	0.0908593	0.021086	0.079917	0.0933409	0.0796024	0.0213902	0.0309035	0.0510069	0.0245344	0.0650747	0.0349175	0.0459633	0.0770832	0.00566871	0.0310018
Methanococcus_maripaludis	Methanococcus_voltae	0.0768344	0.0117012	0.0472082	0.0795396	0.0290397	0.090529	0.0203177	0.0771145	0.0891628	0.0799724	0.0220571	0.0356659	0.0468497	0.0259111	0.0603509	0.045933	0.0472187	0.0789585	0.00501644	0.0306192
Methanobrevibacter_smithii	Methanothermobacter_thermautotrophicus	0.0746706	0.0100391	0.049141	0.0860551	0.0282756	0.0939994	0.0193915	0.0692946	0.0749037	0.0776654	0.0246808	0.0347973	0.0508825	0.0238884	0.0708719	0.0416963	0.0503588	0.0865139	0.00623631	0.0266376
Pyrococcus_abyssi	Thermococcus_kodakarensis	0.0796222	0.00609938	0.0436312	0.0835829	0.028585	0.0921314	0.0207347	0.0771919	0.0773717	0.0835265	0.0206783	0.0287962	0.0534247	0.0244832	0.079663	0.0321694	0.0442281	0.0862035	0.0075534	0.0303234
Agrobacterium_tumefaciens	Aquifex_aeolicus	0.0748117	0.00616837	0.0489863	0.085131	0.0298059	0.0961423	0.0211612	0.0619743	0.0760075	0.0863551	0.0183734	0.0282192	0.0551589	0.0257899	0.0838672	0.031307	0.0529219	0.0788236	0.00732448	0.0316708
Agrobacterium_tumefaciens	Thermotoga_maritima	0.0771626	0.00791299	0.0487365	0.0828188	0.0282714	0.0986981	0.0204849	0.0606666	0.0715169	0.0907056	0.0197177	0.0287136	0.0564655	0.0256979	0.0774313	0.0323575	0.0507759	0.0851582	0.00685723	0.0298509
Agrobacterium_tumefaciens	Thermus_thermophilus	0.0776131	0.00771124	0.0521337	0.0788257	0.0283488	0.0979392	0.0207222	0.0597478	0.0714552	0.0936524	0.0199309	0.0277111	0.0557902	0.0265937	0.078003	0.0337091	0.052555	0.0823526	0.00675479	0.0284502
Agrobacterium_tumefaciens	Bacillus_subtilis	0.0831355	0.0084785	0.0549686	0.0749372	0.0298227	0.0987096	0.0208863	0.0556104	0.0703901	0.0905164	0.0202769	0.0288704	0.0535198	0.0278564	0.0768741	0.0344074	0.052833	0.0837805	0.00733075	0.0267954
Agrobacterium_tumefaciens	Mycobacterium_tuberculosis	0.0828763	0.00858721	0.0550564	0.0734946	0.0299596	0.0981137	0.0213473	0.0572422	0.0692967	0.0911886	0.0203386	0.0292206	0.0527923	0.0277864	0.0758215	0.0353168	0.0532585	0.0850484	0.00744783	0.0258066
Agrobacterium_tumefaciens	Anaeromyxobacter_dehalogenans	0.0787557	0.00892694	0.0550794	0.0703827	0.0307216	0.0981493	0.021272	0.0591823	0.0696636	0.0940653	0.0210212	0.0301478	0.0534843	0.0274425	0.0794466	0.0376008	0.0513372	0.0819209	0.00750218	0.0238979
Agrobacterium_tumefaciens	Pseudomonas_entomophila	0.074241	0.00990848	0.0540247	0.070481	0.0325384	0.0953928	0.0208121	0.055646	0.0705688	0.0927482	0.0236679	0.0295436	0.0536432	0.0285484	0.0865829	0.0386283	0.0506327	0.0808306	0.00743006	0.024131
Escherichia_coli	Pseudomonas_entomophila	0.0854498	0.00866457	0.0525832	0.0637691	0.029992	0.0928506	0.0194051	0.0549017	0.0637367	0.0909335	0.0259143	0.0322645	0.0468706	0.0334802	0.0848394	0.0416671	0.0565125	0.0860415	0.00667639	0.0234473
Cytophaga_hutchinsonii	Mycobacterium_tuberculosis	0.0821613	0.00839488	0.0554986	0.0714814	0.0304917	0.0976831	0.0210776	0.0596767	0.0680203	0.0915889	0.0206553	0.0294913	0.0517836	0.0281251	0.0757713	0.0361468	0.0540174	0.0847892	0.00724399	0.0259017
